place(10.933, 1.000, 11.705, "Crook Boss", 950)
upgrade (10.933, 2.350, 11.705, 742)
place(2.563, 1.000, 26.266, "Farm", 746)
upgrade (2.563, 2.067, 26.266, 377)
place(6.448, 1.000, 25.900, "Farm", 677)
upgrade (6.448, 2.067, 25.900, 302)
place(10.816, 1.000, 25.660, "Farn", 786)
place(2.672, 1.000, 2.813, "Electroshocker", 1075) place(2.934, 1.000, 2.828, "Electroshocker", 1384)
upgrade (10.816, 2.067, 25.660, 417)
upgrade (2.934, 2.350, 2.828, 1016)
upgrade (2.934, 2.350, 2.828,918)
upgrade (10.933 , 2.350, 11.705, 1368)
place(14.918, 1.000, 26.324, "Farn", 824)
upgrade (14,918, 2.067, 26.324, 469)
place(2.639, 1.000, 30.299, "Farm", 631)
upgrade (2.639, 2.067, 30.299, 300)
place(6.770, 1.000, 31.352, "Farm", 345)
upgrade (6.770, 2.067, 31.352, 415)
place(10.744, 1.000, 30.223, "Farm", 131)
place(10.870, 1.000, 29.794, "Farm", 763)
upgrade (10.870, 2.067, 29.794,279)
place(15.473, 1.000, 30.066, "Farm", 1050)
upgrade (15.473, 2.067, 30.066, 705)
upgrade (2.563, 2.067, 26.266, 1280)
upgrade(6,448, 2.067, 25.900, 1415)
upgrade (2.563, 2.067, 26.266, 1734)
upgrade(2.934, 2.350, 2.828, 2129)
upgrade (10.816, 2.057, 25.660, 2197)
upgrade (14.918, 2.067, 26.324, 1414)
upgrade (2.639, 2.067, 30.299, 1040)
upgrade (6.770, 2.067, 31.352, 1335)
upgrade (10.870, 2.067, 29,794, 2460)
upgrade (15.473, 2.067, 30.066, 1635)
upgrade(6.448, 2.067, 25.900, 2567)
upgrade (10.933, 2.350, 11.705, 7507)
upgrade (10.816, 2.067, 25.660, 1647)
upgrade (14.918, 2.067, 26.324, 4156)
place(7.519, 1.000, 11.294, "Crook Boss", 2656) place(2.955, 1.000, -2.854, "Electroshocker", 1936)
upgrade (2.955, 2.350, -2.854, 1044)
upgrade (7.519, 2.350, 11.294, 594)
place(7.018, 1.000, 8.330, "Crook Boss", 3354) place(11.366, 1.000, 8.554, "Crook Boss", 2455)
upgrade (7.519, 2.350, 11.294. 1524)
upgrade (11.366, 2.350, 8.554, 1558)
upgrade (7.018, 2.350, 8.330, 1284)
place(14,463, 1.000, 8.482, "Crook Boss", 2124) upgrade (14.463, 2.350, 8,482, 1325)
upgrade (2.955, 2.350, -2.854, 1064)
upgrade(7.519, 2.350, 11.294, 6415)
upgrade (7.018, 2.350, 8.330, 1655)
upgrade (7.018, 2.350, 8.330, 9017)
upgrade (11.366, 2.350, 8.554, 2645)
place(5.518, 1.000, 15.389, "Electroshocker", 1295)
upgrade(5.518, 2.350, 15.389, 486)
upgrade (5.518, 2.350, 15.389, 1806)
upgrade (14.463, 2.350, 8.487, 3906)
upgrade (2.639, 2.067, 30.299, 3126)
upgrade (11.366, 2.350, 8.554, 8881)
upgrade (14.463, 2.350, 8.482, 7922)
sell(7.018, 2.350, 8.330)
place(4.200, 1.000, 7.085, "DJ Booth", 9542)
place(8.356, 1.000, 8.196, "Crook Boss", 8117)
upgrade (8.356, 2.350, 8.196, 7217)
upgrade (8.356, 2.350, 8.196, 6769)
upgrade (8.356, 2.350, 8.196, 5685)
upgrade (8.356, 2.350, 8.196, 7192)
upgrade (4.200, 1.825, 7.085, 4067)
upgrade (4.200, 1.825, 7.085, 3617)
upgrade (4.200, 1.825, 7.085, 5487)
upgrade (6.770, 2.067, 31.352, 1757)
upgrade (10.870, 2.067, 29.794, 3817)
upgrade (15.473, 2.067, 30.066, 2317)
upgrade (5.518, 2.350, 15.389, 5117)
upgrade (2.955, 2.350, -2.854, 2867)
upgrade (5.518, 2.350, 15.389, 9202)
upgrade (2.934, 2.350, 2.828, 2252)
upgrade (2.955, 2.350, -2.854, 7861)
upgrade (10.933, 2.350, 11.705, 27491)
upgrade (2.934, 2.350, 2.828,21811)
