place(-5.925, 1.000, -23.103, "Shotgunner", 300)
place(-5.917, 1.000, -25.126, "Shotgunner", 300)
place(-3.887, 1.000, -23.047, "Shotgunner", 300)
place(-3.900, 1.000, -25.138, "Shotgunner", 300)
place(-1.777, 1.000, -23.094, "Shotgunner", 300)
place(-1.808, 1.000, -25.256, "Shotgunner", 300)
place(-11.036, 1.000, -23.205, "Shotgunner", 300)
place(-11.141, 1.000, -21.049, "Shotgunner", 300)
place(-11.168, 1.000, -18.956, "Shotgunner", 300)
place(-11.149, 1.000, -25.212, "Shotgunner", 300)
place(1.904, 1.000, -17.928, "Shotgunner", 300)
place(1.902, 1.000, -15.808, "Shotgunner", 300)
place(1.821, 1.000, -13.808, "Shotgunner", 300)
place(-0.169, 1.000, -17.921, "Shotgunner", 300)
place(-0.181, 1.000, -15.759, "Shotgunner", 300)
place(-0.279, 1.000, -13.622, "Shotgunner", 300)
place(-2.293, 1.000, -17.845, "Shotgunner", 300)
place(-2.340, 1.000, -15.730, "Shotgunner", 300)
place(-2.341, 1.000, -13.633, "Shotgunner", 300)
place(-4.351, 1.000, -17.974, "Shotgunner", 300)
place(-4.457, 1.000, -15.914, "Shotgunner", 300)
place(-4.419, 1.000, -13.787, "Shotgunner", 300)
place(-6.421, 1.000, -17.939, "Shotgunner", 300)
place(-6.524, 1.000, -15.825, "Shotgunner", 300)
place(-6.632, 1.000, -13.712, "Shotgunner", 300)
place(-8.503, 1.000, -17.986, "Shotgunner", 300)
place(-8.624, 1.000, -15.969, "Shotgunner", 300)
place(-8.790, 1.000, -13.761, "Shotgunner", 300)
upgrade(-5.917, 2.350, -25.126, 150)
upgrade(-5.917, 2.350, -25.126, 950)
upgrade(-5.925, 2.350, -23.103, 150)
upgrade(-5.925, 2.350, -23.103, 950)
upgrade(-3.887, 2.350, -23.047, 150)
upgrade(-3.887, 2.350, -23.047, 950)
upgrade(-3.900, 2.350, -25.138, 150)
upgrade(-3.900, 2.350, -25.138, 950)
upgrade(-1.777, 2.350, -23.094, 150)
upgrade(-1.777, 2.350, -23.094, 950)
upgrade(-1.808, 2.350, -25.256, 150)
upgrade(-1.808, 2.350, -25.256, 950)
upgrade(-11.149, 2.350, -25.212, 150)
upgrade(-11.149, 2.350, -25.212, 950)
upgrade(-11.036, 2.350, -23.205, 150)
upgrade(-11.036, 2.350, -23.205, 950)
upgrade(-11.141, 2.350, -21.049, 150)
upgrade(-11.141, 2.350, -21.049, 950)
upgrade(-11.168, 2.350, -18.956, 150)
upgrade(-11.168, 2.350, -18.956, 950)
upgrade(1.904, 2.350, -17.928, 150)
upgrade(1.904, 2.350, -17.928, 950)
upgrade(1.902, 2.350, -15.808, 150)
upgrade(1.902, 2.350, -15.808, 950)
upgrade(1.821, 2.350, -13.808, 150)
upgrade(1.821, 2.350, -13.808, 950)
upgrade(-0.169, 2.350, -17.921, 150)
upgrade(-0.169, 2.350, -17.921, 950)
upgrade(-0.181, 2.350, -15.759, 150)
upgrade(-0.181, 2.350, -15.759, 950)
upgrade(-0.279, 2.350, -13.622, 150)
upgrade(-0.279, 2.350, -13.622, 950)
upgrade(-2.293, 2.350, -17.845, 150)
upgrade(-2.293, 2.350, -17.845, 950)
upgrade(-2.340, 2.350, -15.730, 150)
upgrade(-2.340, 2.350, -15.730, 950)
upgrade(-2.341, 2.350, -13.633, 150)
upgrade(-2.341, 2.350, -13.633, 950)
upgrade(-4.351, 2.350, -17.974, 150)
upgrade(-4.351, 2.350, -17.974, 950)
upgrade(-4.457, 2.350, -15.914, 150)
upgrade(-4.457, 2.350, -15.914, 950)
upgrade(-4.419, 2.350, -13.787, 150)
upgrade(-4.419, 2.350, -13.787, 950)
upgrade(-6.421, 2.350, -17.939, 150)
upgrade(-6.421, 2.350, -17.939, 950)
upgrade(-6.524, 2.350, -15.825, 150)
upgrade(-6.524, 2.350, -15.825, 950)
upgrade(-6.632, 2.350, -13.712, 150)
upgrade(-6.632, 2.350, -13.712, 950)
upgrade(-8.624, 2.350, -15.969, 150)
upgrade(-8.624, 2.350, -15.969, 950)
upgrade(-8.503, 2.350, -17.986, 150)
upgrade(-8.503, 2.350, -17.986, 950)
upgrade(-8.790, 2.350, -13.761, 150)
upgrade(-8.790, 2.350, -13.761, 950)
place(-5,878, 1,000, -7,922, "Commander", 850)
upgrade(-5.878, 2.700, -7.922, 300)
upgrade(-5.878, 2.700, -7.922, 2500)
place(-2,823, 1,000, -7,887, "Commander", 850)
upgrade(-2.823, 2.700, -7.887, 300)
upgrade(-2.823, 2.700, -7.887, 2500)
place(0.219, 1.000, -7.870, "Commander", 850)
upgrade(0.219, 2.700, -7.870, 300)
upgrade(0.219, 2.700, -7.870, 2500)
upgrade(-5.925, 2.350, -23.103, 2500)
upgrade(-5.925, 2.350, -23.103, 6500)
upgrade(-2.293, 2.350, -17.845, 2500)
upgrade(-2.293, 2.350, -17.845, 6500)
upgrade(-0.169, 2.350, -17.921, 2500)
